MEDIUM=H2O700ICRU	VER=0.0.0
 COMP,RHO= 1.0000E+00,NE= 2, IUNRST=0, EPSTFL=1, IAPRIM=1
 ASYM=H ,Z= 1.,A=    1.008,PZ= 2.00000E+00,RHOZ= 2.01594E+00
 ASYM=O ,Z= 8.,A=   15.999,PZ= 1.00000E+00,RHOZ= 1.59994E+01
TABLE
kE	dE/dx
[MeV]	[MeV/cm^2]
1	260.8
2	158.6
3	117.2
4	94.04
5	79.11
6	68.58
7	60.71
8	54.6
9	49.69
10	45.67
11	42.3
12	39.43
13	36.96
14	34.81
15	32.92
16	31.24
17	29.74
18	28.4
19	27.18
20	26.07
21	25.05
22	24.12
23	23.27
24	22.48
25	21.75
26	21.07
27	20.43
28	19.84
29	19.28
30	18.76
31	18.27
32	17.81
33	17.37
34	16.96
35	16.56
36	16.19
37	15.84
38	15.5
39	15.18
40	14.88
41	14.58
42	14.31
43	14.04
44	13.78
45	13.54
46	13.3
47	13.08
48	12.86
49	12.65
50	12.45
51	12.25
52	12.07
53	11.89
54	11.71
55	11.54
56	11.38
57	11.22
58	11.07
59	10.92
60	10.78
61	10.64
62	10.51
63	10.38
64	10.25
65	10.13
66	10.01
67	9.89
68	9.776
69	9.666
70	9.559
71	9.455
72	9.353
73	9.254
74	9.157
75	9.063
76	8.971
77	8.882
78	8.794
79	8.709
80	8.625
81	8.544
82	8.464
83	8.387
84	8.311
85	8.236
86	8.163
87	8.092
88	8.023
89	7.954
90	7.888
91	7.822
92	7.758
93	7.695
94	7.634
95	7.573
96	7.514
97	7.456
98	7.4
99	7.344
100	7.289
101	7.235
102	7.183
103	7.131
104	7.08
105	7.03
106	6.981
107	6.933
108	6.886
109	6.839
110	6.794
111	6.749
112	6.705
113	6.661
114	6.619
115	6.577
116	6.535
117	6.495
118	6.455
119	6.415
120	6.377
121	6.339
122	6.301
123	6.264
124	6.228
125	6.192
126	6.157
127	6.122
128	6.088
129	6.054
130	6.021
131	5.988
132	5.956
133	5.924
134	5.892
135	5.861
136	5.831
137	5.801
138	5.771
139	5.742
140	5.713
141	5.685
142	5.657
143	5.629
144	5.602
145	5.575
146	5.548
147	5.522
148	5.496
149	5.47
150	5.445
151	5.42
152	5.395
153	5.371
154	5.347
155	5.323
156	5.3
157	5.276
158	5.254
159	5.231
160	5.209
161	5.187
162	5.165
163	5.143
164	5.122
165	5.101
166	5.08
167	5.059
168	5.039
169	5.019
170	4.999
171	4.979
172	4.96
173	4.941
174	4.922
175	4.903
176	4.884
177	4.866
178	4.848
179	4.83
180	4.812
181	4.794
182	4.777
183	4.76
184	4.743
185	4.726
186	4.709
187	4.693
188	4.676
189	4.66
190	4.644
191	4.628
192	4.612
193	4.597
194	4.581
195	4.566
196	4.551
197	4.536
198	4.521
199	4.507
200	4.492
201	4.478
202	4.464
203	4.449
204	4.435
205	4.422
206	4.408
207	4.394
208	4.381
209	4.368
210	4.354
211	4.341
212	4.328
213	4.315
214	4.303
215	4.29
216	4.278
217	4.265
218	4.253
219	4.241
220	4.229
221	4.217
222	4.205
223	4.193
224	4.182
225	4.17
226	4.159
227	4.147
228	4.136
229	4.125
230	4.114
231	4.103
232	4.092
233	4.081
234	4.07
235	4.06
236	4.049
237	4.039
238	4.029
239	4.018
240	4.008
241	3.998
242	3.988
243	3.978
244	3.968
245	3.958
246	3.949
247	3.939
248	3.93
249	3.92
250	3.911
END
MEDIUM=AIR700ICRU	VER=0.0.0
 MIXT,RHO= 1.2048E-03,NE= 4,GASP= 1.0000E+00, IUNRST=0, EPSTFL=1, IAPRIM=1
 ASYM=C ,Z= 6.,A=   12.011,PZ= 1.03237E-05,RHOZ= 1.24000E-04
 ASYM=N ,Z= 7.,A=   14.007,PZ= 5.39171E-02,RHOZ= 7.55200E-01
 ASYM=O ,Z= 8.,A=   15.999,PZ= 1.44880E-02,RHOZ= 2.31800E-01
 ASYM=AR,Z=18.,A=   39.948,PZ= 3.21168E-04,RHOZ= 1.28300E-02
TABLE
kE	dE/dx
[MeV]	[MeV/cm^2]
1	222.9
2	137.1
3	101.8
4	81.97
5	69.09
6	59.97
7	53.15
8	47.83
9	43.57
10	40.06
11	37.12
12	34.62
13	32.47
14	30.59
15	28.94
16	27.47
17	26.16
18	24.98
19	23.91
20	22.94
21	22.05
22	21.24
23	20.49
24	19.79
25	19.15
26	18.55
27	18
28	17.48
29	16.99
30	16.53
31	16.1
32	15.69
33	15.31
34	14.95
35	14.6
36	14.28
37	13.97
38	13.67
39	13.39
40	13.12
41	12.86
42	12.62
43	12.38
44	12.16
45	11.94
46	11.74
47	11.54
48	11.35
49	11.16
50	10.99
51	10.81
52	10.65
53	10.49
54	10.34
55	10.19
56	10.05
57	9.908
58	9.773
59	9.643
60	9.517
61	9.395
62	9.277
63	9.162
64	9.05
65	8.942
66	8.836
67	8.734
68	8.634
69	8.537
70	8.443
71	8.351
72	8.261
73	8.174
74	8.089
75	8.006
76	7.925
77	7.846
78	7.769
79	7.694
80	7.62
81	7.549
82	7.478
83	7.41
84	7.343
85	7.277
86	7.213
87	7.151
88	7.089
89	7.029
90	6.97
91	6.913
92	6.856
93	6.801
94	6.747
95	6.693
96	6.641
97	6.59
98	6.54
99	6.491
100	6.443
101	6.395
102	6.349
103	6.303
104	6.259
105	6.215
106	6.171
107	6.129
108	6.087
109	6.046
110	6.006
111	5.966
112	5.928
113	5.889
114	5.852
115	5.815
116	5.778
117	5.742
118	5.707
119	5.672
120	5.638
121	5.605
122	5.572
123	5.539
124	5.507
125	5.475
126	5.444
127	5.414
128	5.383
129	5.354
130	5.324
131	5.295
132	5.267
133	5.239
134	5.211
135	5.184
136	5.157
137	5.131
138	5.104
139	5.079
140	5.053
141	5.028
142	5.003
143	4.979
144	4.955
145	4.931
146	4.907
147	4.884
148	4.861
149	4.839
150	4.816
151	4.794
152	4.773
153	4.751
154	4.73
155	4.709
156	4.688
157	4.668
158	4.648
159	4.628
160	4.608
161	4.589
162	4.569
163	4.55
164	4.531
165	4.513
166	4.495
167	4.476
168	4.458
169	4.441
170	4.423
171	4.406
172	4.389
173	4.372
174	4.355
175	4.338
176	4.322
177	4.306
178	4.29
179	4.274
180	4.258
181	4.242
182	4.227
183	4.212
184	4.197
185	4.182
186	4.167
187	4.153
188	4.138
189	4.124
190	4.11
191	4.096
192	4.082
193	4.068
194	4.054
195	4.041
196	4.028
197	4.014
198	4.001
199	3.988
200	3.976
201	3.963
202	3.95
203	3.938
204	3.926
205	3.913
206	3.901
207	3.889
208	3.877
209	3.866
210	3.854
211	3.842
212	3.831
213	3.82
214	3.808
215	3.797
216	3.786
217	3.775
218	3.764
219	3.754
220	3.743
221	3.733
222	3.722
223	3.712
224	3.701
225	3.691
226	3.681
227	3.671
228	3.661
229	3.651
230	3.642
231	3.632
232	3.622
233	3.613
234	3.603
235	3.594
236	3.585
237	3.576
238	3.566
239	3.557
240	3.548
241	3.539
242	3.531
243	3.522
244	3.513
245	3.505
246	3.496
247	3.487
248	3.479
249	3.471
250	3.462
END
MEDIUM=ICRPBONE700ICRU	VER=0.0.0
 MIXT,RHO= 1.8500E+00,NE= 9, IUNRST=0, EPSTFL=1, IAPRIM=1
 ASYM=H ,Z= 1.,A=    1.008,PZ= 4.68605E-02,RHOZ= 4.72340E-02
 ASYM=C ,Z= 6.,A=   12.011,PZ= 1.20163E-02,RHOZ= 1.44330E-01
 ASYM=N ,Z= 7.,A=   14.007,PZ= 2.99785E-03,RHOZ= 4.19900E-02
 ASYM=O ,Z= 8.,A=   15.999,PZ= 2.78820E-02,RHOZ= 4.46096E-01
 ASYM=MG,Z=12.,A=   24.312,PZ= 9.04903E-05,RHOZ= 2.20000E-03
 ASYM=P ,Z=15.,A=   30.974,PZ= 3.38899E-03,RHOZ= 1.04970E-01
 ASYM=S ,Z=16.,A=   32.064,PZ= 9.82410E-05,RHOZ= 3.15000E-03
 ASYM=CA,Z=20.,A=   40.080,PZ= 5.23777E-03,RHOZ= 2.09930E-01
 ASYM=ZN,Z=30.,A=   65.370,PZ= 1.52975E-06,RHOZ= 1.00000E-04
TABLE
kE	dE/dx
[MeV]	[MeV/cm^2]
1	219.6
2	135.5
3	100.9
4	81.42
5	68.74
6	59.76
7	53.02
8	47.77
9	43.56
10	40.08
11	37.17
12	34.69
13	32.55
14	30.69
15	29.04
16	27.58
17	26.28
18	25.1
19	24.04
20	23.07
21	22.19
22	21.38
23	20.63
24	19.94
25	19.29
26	18.7
27	18.14
28	17.62
29	17.13
30	16.67
31	16.24
32	15.83
33	15.45
34	15.09
35	14.74
36	14.41
37	14.1
38	13.81
39	13.52
40	13.26
41	13
42	12.75
43	12.52
44	12.29
45	12.07
46	11.87
47	11.67
48	11.47
49	11.29
50	11.11
51	10.94
52	10.77
53	10.61
54	10.46
55	10.31
56	10.17
57	10.03
58	9.893
59	9.762
60	9.635
61	9.512
62	9.393
63	9.277
64	9.165
65	9.055
66	8.949
67	8.846
68	8.746
69	8.648
70	8.553
71	8.46
72	8.37
73	8.282
74	8.197
75	8.113
76	8.031
77	7.952
78	7.874
79	7.798
80	7.724
81	7.652
82	7.581
83	7.512
84	7.445
85	7.378
86	7.314
87	7.251
88	7.189
89	7.128
90	7.069
91	7.011
92	6.954
93	6.898
94	6.843
95	6.789
96	6.737
97	6.685
98	6.635
99	6.585
100	6.536
101	6.489
102	6.442
103	6.396
104	6.351
105	6.306
106	6.263
107	6.22
108	6.178
109	6.136
110	6.096
111	6.056
112	6.016
113	5.978
114	5.94
115	5.902
116	5.865
117	5.829
118	5.794
119	5.759
120	5.724
121	5.69
122	5.657
123	5.624
124	5.591
125	5.56
126	5.528
127	5.497
128	5.467
129	5.437
130	5.407
131	5.378
132	5.349
133	5.321
134	5.293
135	5.265
136	5.238
137	5.211
138	5.185
139	5.158
140	5.133
141	5.107
142	5.082
143	5.058
144	5.033
145	5.009
146	4.985
147	4.962
148	4.939
149	4.916
150	4.893
151	4.871
152	4.849
153	4.827
154	4.806
155	4.785
156	4.764
157	4.743
158	4.723
159	4.703
160	4.683
161	4.663
162	4.644
163	4.624
164	4.605
165	4.586
166	4.568
167	4.55
168	4.531
169	4.513
170	4.496
171	4.478
172	4.461
173	4.444
174	4.427
175	4.41
176	4.393
177	4.377
178	4.361
179	4.345
180	4.329
181	4.313
182	4.297
183	4.282
184	4.267
185	4.252
186	4.237
187	4.222
188	4.207
189	4.193
190	4.178
191	4.164
192	4.15
193	4.136
194	4.123
195	4.109
196	4.095
197	4.082
198	4.069
199	4.056
200	4.043
201	4.03
202	4.017
203	4.005
204	3.992
205	3.98
206	3.968
207	3.955
208	3.943
209	3.931
210	3.92
211	3.908
212	3.896
213	3.885
214	3.874
215	3.862
216	3.851
217	3.84
218	3.829
219	3.818
220	3.807
221	3.797
222	3.786
223	3.776
224	3.765
225	3.755
226	3.745
227	3.735
228	3.724
229	3.715
230	3.705
231	3.695
232	3.685
233	3.675
234	3.666
235	3.656
236	3.647
237	3.638
238	3.628
239	3.619
240	3.61
241	3.601
242	3.592
243	3.583
244	3.575
245	3.566
246	3.557
247	3.549
248	3.54
249	3.532
250	3.523
END
MEDIUM=PB700ICRU	VER=0.0.0
 ELEM,RHO= 1.1340E+01,NE= 1, IUNRST=0, EPSTFL=1, IAPRIM=1
 ASYM=PB,Z=82.,A=  207.190,PZ= 1.00000E+00,RHOZ= 2.07190E+02
TABLE
kE	dE/dx
[MeV]	[MeV/cm^2]
1	62.98
2	45.37
3	36.66
4	31.2
5	27.39
6	24.54
7	22.32
8	20.52
9	19.04
10	17.79
11	16.71
12	15.78
13	14.96
14	14.24
15	13.59
16	13.01
17	12.48
18	12
19	11.56
20	11.16
21	10.79
22	10.45
23	10.13
24	9.831
25	9.554
26	9.294
27	9.049
28	8.819
29	8.601
30	8.396
31	8.201
32	8.017
33	7.842
34	7.675
35	7.516
36	7.365
37	7.221
38	7.083
39	6.951
40	6.825
41	6.704
42	6.588
43	6.477
44	6.37
45	6.267
46	6.168
47	6.072
48	5.98
49	5.892
50	5.806
51	5.724
52	5.644
53	5.567
54	5.492
55	5.42
56	5.349
57	5.282
58	5.216
59	5.152
60	5.09
61	5.03
62	4.971
63	4.915
64	4.86
65	4.806
66	4.754
67	4.703
68	4.653
69	4.605
70	4.558
71	4.512
72	4.468
73	4.424
74	4.382
75	4.34
76	4.3
77	4.26
78	4.222
79	4.184
80	4.147
81	4.111
82	4.076
83	4.041
84	4.007
85	3.974
86	3.942
87	3.91
88	3.88
89	3.849
90	3.819
91	3.79
92	3.762
93	3.734
94	3.706
95	3.679
96	3.653
97	3.627
98	3.602
99	3.577
100	3.552
101	3.528
102	3.504
103	3.481
104	3.458
105	3.436
106	3.414
107	3.392
108	3.371
109	3.35
110	3.329
111	3.309
112	3.289
113	3.27
114	3.25
115	3.231
116	3.213
117	3.194
118	3.176
119	3.158
120	3.141
121	3.123
122	3.106
123	3.09
124	3.073
125	3.057
126	3.041
127	3.025
128	3.009
129	2.994
130	2.979
131	2.964
132	2.949
133	2.934
134	2.92
135	2.906
136	2.892
137	2.878
138	2.864
139	2.851
140	2.838
141	2.825
142	2.812
143	2.799
144	2.786
145	2.774
146	2.762
147	2.749
148	2.738
149	2.726
150	2.714
151	2.703
152	2.691
153	2.68
154	2.669
155	2.658
156	2.647
157	2.636
158	2.626
159	2.615
160	2.605
161	2.595
162	2.584
163	2.574
164	2.565
165	2.555
166	2.545
167	2.536
168	2.526
169	2.517
170	2.508
171	2.498
172	2.489
173	2.48
174	2.472
175	2.463
176	2.454
177	2.446
178	2.437
179	2.429
180	2.42
181	2.412
182	2.404
183	2.396
184	2.388
185	2.38
186	2.372
187	2.365
188	2.357
189	2.349
190	2.342
191	2.334
192	2.327
193	2.32
194	2.312
195	2.305
196	2.298
197	2.291
198	2.284
199	2.277
200	2.271
201	2.264
202	2.257
203	2.251
204	2.244
205	2.237
206	2.231
207	2.225
208	2.218
209	2.212
210	2.206
211	2.2
212	2.194
213	2.187
214	2.182
215	2.176
216	2.17
217	2.164
218	2.158
219	2.152
220	2.147
221	2.141
222	2.135
223	2.13
224	2.124
225	2.119
226	2.113
227	2.108
228	2.103
229	2.098
230	2.092
231	2.087
232	2.082
233	2.077
234	2.072
235	2.067
236	2.062
237	2.057
238	2.052
239	2.047
240	2.042
241	2.038
242	2.033
243	2.028
244	2.023
245	2.019
246	2.014
247	2.01
248	2.005
249	2.001
250	1.996
END
MEDIUM=W700ICRU	VER=0.0.0
 ELEM,RHO= 1.9300E+01,NE= 1, IUNRST=0, EPSTFL=1, IAPRIM=1
 ASYM=W ,Z=74.,A=  183.850,PZ= 1.00000E+00,RHOZ= 1.83850E+02
TABLE
kE	dE/dx
[MeV]	[MeV/cm^2]
1	63.56
2	46.07
3	37.33
4	31.83
5	27.97
6	25.08
7	22.81
8	20.98
9	19.47
10	18.18
11	17.09
12	16.13
13	15.29
14	14.55
15	13.89
16	13.29
17	12.75
18	12.26
19	11.81
20	11.4
21	11.02
22	10.67
23	10.34
24	10.04
25	9.755
26	9.49
27	9.243
28	9.01
29	8.791
30	8.585
31	8.389
32	8.205
33	8.029
34	7.863
35	7.704
36	7.553
37	7.41
38	7.272
39	7.141
40	7.015
41	6.894
42	6.778
43	6.667
44	6.56
45	6.458
46	6.359
47	6.263
48	6.171
49	6.082
50	5.997
51	5.914
52	5.834
53	5.756
54	5.681
55	5.609
56	5.538
57	5.47
58	5.403
59	5.339
60	5.276
61	5.216
62	5.157
63	5.099
64	5.043
65	4.989
66	4.936
67	4.884
68	4.834
69	4.785
70	4.737
71	4.69
72	4.644
73	4.6
74	4.556
75	4.514
76	4.473
77	4.432
78	4.392
79	4.354
80	4.316
81	4.279
82	4.242
83	4.207
84	4.172
85	4.138
86	4.104
87	4.072
88	4.039
89	4.008
90	3.977
91	3.947
92	3.917
93	3.888
94	3.859
95	3.831
96	3.804
97	3.777
98	3.75
99	3.724
100	3.698
101	3.673
102	3.649
103	3.624
104	3.6
105	3.577
106	3.554
107	3.531
108	3.509
109	3.487
110	3.465
111	3.444
112	3.423
113	3.403
114	3.382
115	3.362
116	3.343
117	3.324
118	3.305
119	3.286
120	3.267
121	3.249
122	3.231
123	3.214
124	3.196
125	3.179
126	3.162
127	3.146
128	3.13
129	3.113
130	3.097
131	3.082
132	3.066
133	3.051
134	3.036
135	3.021
136	3.007
137	2.992
138	2.978
139	2.964
140	2.95
141	2.936
142	2.923
143	2.909
144	2.896
145	2.883
146	2.87
147	2.858
148	2.845
149	2.833
150	2.821
151	2.809
152	2.797
153	2.785
154	2.773
155	2.762
156	2.751
157	2.739
158	2.728
159	2.717
160	2.706
161	2.696
162	2.685
163	2.675
164	2.664
165	2.654
166	2.644
167	2.634
168	2.624
169	2.614
170	2.605
171	2.595
172	2.586
173	2.576
174	2.567
175	2.558
176	2.549
177	2.54
178	2.531
179	2.522
180	2.514
181	2.505
182	2.496
183	2.488
184	2.48
185	2.471
186	2.463
187	2.455
188	2.447
189	2.439
190	2.431
191	2.424
192	2.416
193	2.408
194	2.401
195	2.393
196	2.386
197	2.379
198	2.371
199	2.364
200	2.357
201	2.35
202	2.343
203	2.336
204	2.329
205	2.322
206	2.316
207	2.309
208	2.302
209	2.296
210	2.289
211	2.283
212	2.276
213	2.27
214	2.264
215	2.258
216	2.251
217	2.245
218	2.239
219	2.233
220	2.227
221	2.221
222	2.216
223	2.21
224	2.204
225	2.198
226	2.193
227	2.187
228	2.182
229	2.176
230	2.171
231	2.165
232	2.16
233	2.155
234	2.149
235	2.144
236	2.139
237	2.134
238	2.129
239	2.123
240	2.118
241	2.113
242	2.108
243	2.104
244	2.099
245	2.094
246	2.089
247	2.084
248	2.08
249	2.075
250	2.07
END
MEDIUM=AL700ICRU	VER=0.0.0
 ELEM,RHO= 2.7020E+00,NE= 1, IUNRST=0, EPSTFL=1, IAPRIM=1
 ASYM=AL,Z=13.,A=   26.982,PZ= 1.00000E+00,RHOZ= 2.69815E+01
TABLE
kE	dE/dx
[MeV]	[MeV/cm^2]
1	172
2	109.5
3	82.5
4	67.07
5	56.95
6	49.73
7	44.3
8	40.04
9	36.6
10	33.76
11	31.37
12	29.33
13	27.57
14	26.03
15	24.66
16	23.45
17	22.37
18	21.39
19	20.5
20	19.69
21	18.95
22	18.27
23	17.64
24	17.06
25	16.52
26	16.02
27	15.55
28	15.11
29	14.7
30	14.31
31	13.95
32	13.6
33	13.28
34	12.97
35	12.68
36	12.4
37	12.14
38	11.88
39	11.64
40	11.42
41	11.2
42	10.99
43	10.79
44	10.6
45	10.41
46	10.24
47	10.07
48	9.903
49	9.745
50	9.594
51	9.447
52	9.306
53	9.17
54	9.038
55	8.911
56	8.788
57	8.669
58	8.554
59	8.442
60	8.334
61	8.229
62	8.127
63	8.028
64	7.932
65	7.838
66	7.747
67	7.659
68	7.573
69	7.49
70	7.408
71	7.329
72	7.252
73	7.176
74	7.103
75	7.031
76	6.961
77	6.893
78	6.827
79	6.762
80	6.698
81	6.636
82	6.575
83	6.516
84	6.458
85	6.401
86	6.346
87	6.292
88	6.238
89	6.186
90	6.135
91	6.085
92	6.036
93	5.989
94	5.942
95	5.895
96	5.85
97	5.806
98	5.762
99	5.72
100	5.678
101	5.637
102	5.597
103	5.557
104	5.518
105	5.48
106	5.442
107	5.405
108	5.369
109	5.334
110	5.299
111	5.264
112	5.23
113	5.197
114	5.164
115	5.132
116	5.1
117	5.069
118	5.039
119	5.008
120	4.979
121	4.949
122	4.921
123	4.892
124	4.864
125	4.837
126	4.81
127	4.783
128	4.757
129	4.731
130	4.705
131	4.68
132	4.655
133	4.631
134	4.607
135	4.583
136	4.559
137	4.536
138	4.513
139	4.491
140	4.469
141	4.447
142	4.425
143	4.404
144	4.383
145	4.362
146	4.341
147	4.321
148	4.301
149	4.282
150	4.262
151	4.243
152	4.224
153	4.205
154	4.187
155	4.168
156	4.15
157	4.132
158	4.115
159	4.097
160	4.08
161	4.063
162	4.046
163	4.03
164	4.013
165	3.997
166	3.981
167	3.965
168	3.949
169	3.934
170	3.918
171	3.903
172	3.888
173	3.873
174	3.859
175	3.844
176	3.83
177	3.816
178	3.802
179	3.788
180	3.774
181	3.76
182	3.747
183	3.733
184	3.72
185	3.707
186	3.694
187	3.682
188	3.669
189	3.656
190	3.644
191	3.632
192	3.62
193	3.607
194	3.596
195	3.584
196	3.572
197	3.561
198	3.549
199	3.538
200	3.526
201	3.515
202	3.504
203	3.493
204	3.483
205	3.472
206	3.461
207	3.451
208	3.44
209	3.43
210	3.42
211	3.41
212	3.4
213	3.39
214	3.38
215	3.37
216	3.36
217	3.351
218	3.341
219	3.332
220	3.323
221	3.313
222	3.304
223	3.295
224	3.286
225	3.277
226	3.268
227	3.259
228	3.251
229	3.242
230	3.233
231	3.225
232	3.217
233	3.208
234	3.2
235	3.192
236	3.184
237	3.175
238	3.167
239	3.159
240	3.152
241	3.144
242	3.136
243	3.128
244	3.121
245	3.113
246	3.106
247	3.098
248	3.091
249	3.083
250	3.076
END
MEDIUM=TI700ICRU	VER=0.0.0
 ELEM,RHO= 4.5400E+00,NE= 1, IUNRST=0, EPSTFL=1, IAPRIM=1
 ASYM=TI,Z=22.,A=   47.900,PZ= 1.00000E+00,RHOZ= 4.79000E+01
TABLE
kE	dE/dx
[MeV]	[MeV/cm^2]
1	143.7
2	93.13
3	70.8
4	57.94
5	49.43
6	43.33
7	38.7
8	35.07
9	32.13
10	29.69
11	27.63
12	25.87
13	24.35
14	23.01
15	21.83
16	20.78
17	19.83
18	18.98
19	18.21
20	17.5
21	16.86
22	16.26
23	15.71
24	15.21
25	14.73
26	14.29
27	13.88
28	13.5
29	13.14
30	12.8
31	12.48
32	12.17
33	11.89
34	11.62
35	11.36
36	11.11
37	10.88
38	10.66
39	10.45
40	10.25
41	10.05
42	9.869
43	9.692
44	9.522
45	9.359
46	9.202
47	9.051
48	8.906
49	8.767
50	8.632
51	8.503
52	8.377
53	8.256
54	8.139
55	8.026
56	7.917
57	7.811
58	7.709
59	7.609
60	7.513
61	7.419
62	7.329
63	7.24
64	7.155
65	7.072
66	6.991
67	6.912
68	6.835
69	6.761
70	6.688
71	6.618
72	6.549
73	6.481
74	6.416
75	6.352
76	6.29
77	6.229
78	6.169
79	6.111
80	6.054
81	5.999
82	5.945
83	5.892
84	5.84
85	5.789
86	5.739
87	5.691
88	5.643
89	5.597
90	5.551
91	5.506
92	5.463
93	5.42
94	5.378
95	5.336
96	5.296
97	5.256
98	5.217
99	5.179
100	5.141
101	5.105
102	5.068
103	5.033
104	4.998
105	4.964
106	4.93
107	4.897
108	4.865
109	4.833
110	4.801
111	4.77
112	4.74
113	4.71
114	4.681
115	4.652
116	4.623
117	4.595
118	4.568
119	4.541
120	4.514
121	4.488
122	4.462
123	4.436
124	4.411
125	4.387
126	4.362
127	4.338
128	4.315
129	4.291
130	4.268
131	4.246
132	4.223
133	4.201
134	4.18
135	4.158
136	4.137
137	4.117
138	4.096
139	4.076
140	4.056
141	4.036
142	4.017
143	3.998
144	3.979
145	3.96
146	3.941
147	3.923
148	3.905
149	3.887
150	3.87
151	3.853
152	3.836
153	3.819
154	3.802
155	3.786
156	3.769
157	3.753
158	3.737
159	3.722
160	3.706
161	3.691
162	3.676
163	3.661
164	3.646
165	3.631
166	3.617
167	3.602
168	3.588
169	3.574
170	3.56
171	3.547
172	3.533
173	3.52
174	3.507
175	3.494
176	3.481
177	3.468
178	3.455
179	3.443
180	3.43
181	3.418
182	3.406
183	3.394
184	3.382
185	3.37
186	3.358
187	3.347
188	3.336
189	3.324
190	3.313
191	3.302
192	3.291
193	3.28
194	3.269
195	3.259
196	3.248
197	3.238
198	3.228
199	3.217
200	3.207
201	3.197
202	3.187
203	3.177
204	3.168
205	3.158
206	3.148
207	3.139
208	3.129
209	3.12
210	3.111
211	3.102
212	3.093
213	3.084
214	3.075
215	3.066
216	3.057
217	3.049
218	3.04
219	3.032
220	3.023
221	3.015
222	3.006
223	2.998
224	2.99
225	2.982
226	2.974
227	2.966
228	2.958
229	2.95
230	2.943
231	2.935
232	2.927
233	2.92
234	2.912
235	2.905
236	2.898
237	2.89
238	2.883
239	2.876
240	2.869
241	2.862
242	2.855
243	2.848
244	2.841
245	2.834
246	2.827
247	2.82
248	2.814
249	2.807
250	2.801
END
MEDIUM=CU700ICRU	VER=0.0.0
 ELEM,RHO= 8.9333E+00,NE= 1, IUNRST=0, EPSTFL=1, IAPRIM=1
 ASYM=CU,Z=29.,A=   63.540,PZ= 1.00000E+00,RHOZ= 6.35400E+01
TABLE
kE	dE/dx
[MeV]	[MeV/cm^2]
1	118.4
2	79.92
3	61.99
4	51.36
5	44.18
6	38.97
7	34.98
8	31.81
9	29.24
10	27.09
11	25.27
12	23.71
13	22.35
14	21.16
15	20.1
16	19.15
17	18.3
18	17.53
19	16.84
20	16.2
21	15.61
22	15.07
23	14.57
24	14.11
25	13.68
26	13.28
27	12.91
28	12.56
29	12.23
30	11.91
31	11.62
32	11.34
33	11.08
34	10.83
35	10.6
36	10.37
37	10.16
38	9.957
39	9.762
40	9.577
41	9.399
42	9.229
43	9.066
44	8.91
45	8.76
46	8.615
47	8.476
48	8.343
49	8.214
50	8.09
51	7.97
52	7.854
53	7.743
54	7.634
55	7.53
56	7.429
57	7.331
58	7.236
59	7.144
60	7.055
61	6.968
62	6.884
63	6.803
64	6.723
65	6.646
66	6.571
67	6.498
68	6.427
69	6.358
70	6.291
71	6.225
72	6.161
73	6.099
74	6.038
75	5.979
76	5.921
77	5.864
78	5.809
79	5.755
80	5.702
81	5.65
82	5.6
83	5.551
84	5.502
85	5.455
86	5.409
87	5.364
88	5.32
89	5.276
90	5.234
91	5.192
92	5.151
93	5.111
94	5.072
95	5.034
96	4.996
97	4.959
98	4.923
99	4.887
100	4.852
101	4.818
102	4.784
103	4.751
104	4.718
105	4.686
106	4.655
107	4.624
108	4.594
109	4.564
110	4.535
111	4.506
112	4.477
113	4.45
114	4.422
115	4.395
116	4.369
117	4.342
118	4.317
119	4.291
120	4.266
121	4.242
122	4.218
123	4.194
124	4.17
125	4.147
126	4.125
127	4.102
128	4.08
129	4.058
130	4.037
131	4.016
132	3.995
133	3.974
134	3.954
135	3.934
136	3.914
137	3.895
138	3.876
139	3.857
140	3.838
141	3.819
142	3.801
143	3.783
144	3.766
145	3.748
146	3.731
147	3.714
148	3.697
149	3.68
150	3.664
151	3.648
152	3.632
153	3.616
154	3.6
155	3.585
156	3.569
157	3.554
158	3.539
159	3.525
160	3.51
161	3.496
162	3.482
163	3.468
164	3.454
165	3.44
166	3.426
167	3.413
168	3.4
169	3.387
170	3.374
171	3.361
172	3.348
173	3.336
174	3.323
175	3.311
176	3.299
177	3.287
178	3.275
179	3.263
180	3.251
181	3.24
182	3.229
183	3.217
184	3.206
185	3.195
186	3.184
187	3.173
188	3.163
189	3.152
190	3.141
191	3.131
192	3.121
193	3.111
194	3.101
195	3.091
196	3.081
197	3.071
198	3.061
199	3.051
200	3.042
201	3.033
202	3.023
203	3.014
204	3.005
205	2.996
206	2.987
207	2.978
208	2.969
209	2.96
210	2.951
211	2.943
212	2.934
213	2.926
214	2.918
215	2.909
216	2.901
217	2.893
218	2.885
219	2.877
220	2.869
221	2.861
222	2.853
223	2.845
224	2.838
225	2.83
226	2.823
227	2.815
228	2.808
229	2.8
230	2.793
231	2.786
232	2.779
233	2.772
234	2.765
235	2.758
236	2.751
237	2.744
238	2.737
239	2.73
240	2.723
241	2.717
242	2.71
243	2.704
244	2.697
245	2.691
246	2.684
247	2.678
248	2.672
249	2.665
250	2.659
END
MEDIUM=CERROBEND700	VER=0.0.0
 MIXT,RHO= 9.7600E+00,NE= 4, IUNRST=0, EPSTFL=0, IAPRIM=1
 ASYM=BI,Z=83.,A=  208.980,PZ= 2.39257E-03,RHOZ= 5.00000E-01
 ASYM=PB,Z=82.,A=  207.190,PZ= 1.28867E-03,RHOZ= 2.67000E-01
 ASYM=SN,Z=50.,A=  118.690,PZ= 1.12057E-03,RHOZ= 1.33000E-01
 ASYM=CD,Z=48.,A=  112.400,PZ= 8.89680E-04,RHOZ= 1.00000E-01
TABLE
kE	dE/dx
[MeV]	[MeV/cm^2]
1.00E+00	6.98E+01
2.00E+00	4.96E+01
3.00E+00	3.96E+01
4.00E+00	3.36E+01
5.00E+00	2.94E+01
6.00E+00	2.63E+01
7.00E+00	2.38E+01
8.00E+00	2.19E+01
9.00E+00	2.03E+01
1.00E+01	1.89E+01
1.10E+01	1.77E+01
1.20E+01	1.67E+01
1.30E+01	1.59E+01
1.40E+01	1.51E+01
1.50E+01	1.44E+01
1.60E+01	1.38E+01
1.70E+01	1.32E+01
1.80E+01	1.27E+01
1.90E+01	1.22E+01
2.00E+01	1.18E+01
2.10E+01	1.14E+01
2.20E+01	1.10E+01
2.30E+01	1.07E+01
2.40E+01	1.04E+01
2.50E+01	1.01E+01
2.60E+01	9.78E+00
2.70E+01	9.52E+00
2.80E+01	9.27E+00
2.90E+01	9.04E+00
3.00E+01	8.83E+00
3.10E+01	8.62E+00
3.20E+01	8.43E+00
3.30E+01	8.24E+00
3.40E+01	8.07E+00
3.50E+01	7.90E+00
3.60E+01	7.74E+00
3.70E+01	7.59E+00
3.80E+01	7.45E+00
3.90E+01	7.31E+00
4.00E+01	7.18E+00
4.10E+01	7.05E+00
4.20E+01	6.93E+00
4.30E+01	6.81E+00
4.40E+01	6.70E+00
4.50E+01	6.59E+00
4.60E+01	6.49E+00
4.70E+01	6.39E+00
4.80E+01	6.30E+00
4.90E+01	6.20E+00
5.00E+01	6.11E+00
5.10E+01	6.03E+00
5.20E+01	5.94E+00
5.30E+01	5.86E+00
5.40E+01	5.78E+00
5.50E+01	5.71E+00
5.60E+01	5.64E+00
5.70E+01	5.56E+00
5.80E+01	5.49E+00
5.90E+01	5.43E+00
6.00E+01	5.36E+00
6.10E+01	5.30E+00
6.20E+01	5.24E+00
6.30E+01	5.18E+00
6.40E+01	5.12E+00
6.50E+01	5.06E+00
6.60E+01	5.01E+00
6.70E+01	4.96E+00
6.80E+01	4.90E+00
6.90E+01	4.85E+00
7.00E+01	4.80E+00
7.10E+01	4.76E+00
7.20E+01	4.71E+00
7.30E+01	4.66E+00
7.40E+01	4.62E+00
7.50E+01	4.58E+00
7.60E+01	4.53E+00
7.70E+01	4.49E+00
7.80E+01	4.45E+00
7.90E+01	4.41E+00
8.00E+01	4.37E+00
8.10E+01	4.33E+00
8.20E+01	4.30E+00
8.30E+01	4.26E+00
8.40E+01	4.22E+00
8.50E+01	4.19E+00
8.60E+01	4.16E+00
8.70E+01	4.12E+00
8.80E+01	4.09E+00
8.90E+01	4.06E+00
9.00E+01	4.03E+00
9.10E+01	3.99E+00
9.20E+01	3.96E+00
9.30E+01	3.93E+00
9.40E+01	3.91E+00
9.50E+01	3.88E+00
9.60E+01	3.85E+00
9.70E+01	3.82E+00
9.80E+01	3.79E+00
9.90E+01	3.77E+00
1.00E+02	3.74E+00
1.01E+02	3.72E+00
1.02E+02	3.69E+00
1.03E+02	3.67E+00
1.04E+02	3.64E+00
1.05E+02	3.62E+00
1.06E+02	3.60E+00
1.07E+02	3.57E+00
1.08E+02	3.55E+00
1.09E+02	3.53E+00
1.10E+02	3.51E+00
1.11E+02	3.48E+00
1.12E+02	3.46E+00
1.13E+02	3.44E+00
1.14E+02	3.42E+00
1.15E+02	3.40E+00
1.16E+02	3.38E+00
1.17E+02	3.36E+00
1.18E+02	3.34E+00
1.19E+02	3.32E+00
1.20E+02	3.31E+00
1.21E+02	3.29E+00
1.22E+02	3.27E+00
1.23E+02	3.25E+00
1.24E+02	3.23E+00
1.25E+02	3.22E+00
1.26E+02	3.20E+00
1.27E+02	3.18E+00
1.28E+02	3.16E+00
1.29E+02	3.15E+00
1.30E+02	3.13E+00
1.31E+02	3.12E+00
1.32E+02	3.10E+00
1.33E+02	3.09E+00
1.34E+02	3.07E+00
1.35E+02	3.06E+00
1.36E+02	3.04E+00
1.37E+02	3.03E+00
1.38E+02	3.01E+00
1.39E+02	3.00E+00
1.40E+02	2.98E+00
1.41E+02	2.97E+00
1.42E+02	2.96E+00
1.43E+02	2.94E+00
1.44E+02	2.93E+00
1.45E+02	2.92E+00
1.46E+02	2.90E+00
1.47E+02	2.89E+00
1.48E+02	2.88E+00
1.49E+02	2.86E+00
1.50E+02	2.85E+00
1.51E+02	2.84E+00
1.52E+02	2.83E+00
1.53E+02	2.82E+00
1.54E+02	2.80E+00
1.55E+02	2.79E+00
1.56E+02	2.78E+00
1.57E+02	2.77E+00
1.58E+02	2.76E+00
1.59E+02	2.75E+00
1.60E+02	2.74E+00
1.61E+02	2.73E+00
1.62E+02	2.71E+00
1.63E+02	2.70E+00
1.64E+02	2.69E+00
1.65E+02	2.68E+00
1.66E+02	2.67E+00
1.67E+02	2.66E+00
1.68E+02	2.65E+00
1.69E+02	2.64E+00
1.70E+02	2.63E+00
1.71E+02	2.62E+00
1.72E+02	2.61E+00
1.73E+02	2.60E+00
1.74E+02	2.60E+00
1.75E+02	2.59E+00
1.76E+02	2.58E+00
1.77E+02	2.57E+00
1.78E+02	2.56E+00
1.79E+02	2.55E+00
1.80E+02	2.54E+00
1.81E+02	2.53E+00
1.82E+02	2.52E+00
1.83E+02	2.52E+00
1.84E+02	2.51E+00
1.85E+02	2.50E+00
1.86E+02	2.49E+00
1.87E+02	2.48E+00
1.88E+02	2.47E+00
1.89E+02	2.47E+00
1.90E+02	2.46E+00
1.91E+02	2.45E+00
1.92E+02	2.44E+00
1.93E+02	2.43E+00
1.94E+02	2.43E+00
1.95E+02	2.42E+00
1.96E+02	2.41E+00
1.97E+02	2.40E+00
1.98E+02	2.40E+00
1.99E+02	2.39E+00
2.00E+02	2.38E+00
2.01E+02	2.38E+00
2.02E+02	2.37E+00
2.03E+02	2.36E+00
2.04E+02	2.35E+00
2.05E+02	2.35E+00
2.06E+02	2.34E+00
2.07E+02	2.33E+00
2.08E+02	2.33E+00
2.09E+02	2.32E+00
2.10E+02	2.31E+00
2.11E+02	2.31E+00
2.12E+02	2.30E+00
2.13E+02	2.29E+00
2.14E+02	2.29E+00
2.15E+02	2.28E+00
2.16E+02	2.28E+00
2.17E+02	2.27E+00
2.18E+02	2.26E+00
2.19E+02	2.26E+00
2.20E+02	2.25E+00
2.21E+02	2.25E+00
2.22E+02	2.24E+00
2.23E+02	2.23E+00
2.24E+02	2.23E+00
2.25E+02	2.22E+00
2.26E+02	2.22E+00
2.27E+02	2.21E+00
2.28E+02	2.20E+00
2.29E+02	2.20E+00
2.30E+02	2.19E+00
2.31E+02	2.19E+00
2.32E+02	2.18E+00
2.33E+02	2.18E+00
2.34E+02	2.17E+00
2.35E+02	2.17E+00
2.36E+02	2.16E+00
2.37E+02	2.16E+00
2.38E+02	2.15E+00
2.39E+02	2.15E+00
2.40E+02	2.14E+00
2.41E+02	2.14E+00
2.42E+02	2.13E+00
2.43E+02	2.13E+00
2.44E+02	2.12E+00
2.45E+02	2.12E+00
2.46E+02	2.11E+00
2.47E+02	2.11E+00
2.48E+02	2.10E+00
2.49E+02	2.10E+00
2.50E+02	2.09E+00
END
MEDIUM=STEEL700ICRU	VER=0.0.0
 MIXT,RHO= 8.0600E+00,NE= 6, IUNRST=0, EPSTFL=1, IAPRIM=1
 ASYM=C ,Z= 6.,A=   12.011,PZ= 8.32560E-05,RHOZ= 1.00000E-03
 ASYM=SI,Z=14.,A=   28.088,PZ= 2.49217E-04,RHOZ= 7.00000E-03
 ASYM=CR,Z=24.,A=   51.998,PZ= 3.46167E-03,RHOZ= 1.80000E-01
 ASYM=MN,Z=25.,A=   54.938,PZ= 1.82023E-04,RHOZ= 1.00000E-02
 ASYM=FE,Z=26.,A=   55.847,PZ= 1.27491E-02,RHOZ= 7.12000E-01
 ASYM=NI,Z=28.,A=   58.710,PZ= 1.53296E-03,RHOZ= 9.00000E-02
TABLE
kE	dE/dx
[MeV]	[MeV/cm^2]
1.00E+00	1.35E+02
2.00E+00	8.92E+01
3.00E+00	6.85E+01
4.00E+00	5.63E+01
5.00E+00	4.82E+01
6.00E+00	4.23E+01
7.00E+00	3.79E+01
8.00E+00	3.44E+01
9.00E+00	3.15E+01
1.00E+01	2.92E+01
1.10E+01	2.72E+01
1.20E+01	2.54E+01
1.30E+01	2.40E+01
1.40E+01	2.27E+01
1.50E+01	2.15E+01
1.60E+01	2.05E+01
1.70E+01	1.95E+01
1.80E+01	1.87E+01
1.90E+01	1.80E+01
2.00E+01	1.73E+01
2.10E+01	1.66E+01
2.20E+01	1.60E+01
2.30E+01	1.55E+01
2.40E+01	1.50E+01
2.50E+01	1.45E+01
2.60E+01	1.41E+01
2.70E+01	1.37E+01
2.80E+01	1.33E+01
2.90E+01	1.30E+01
3.00E+01	1.26E+01
3.10E+01	1.23E+01
3.20E+01	1.20E+01
3.30E+01	1.18E+01
3.40E+01	1.15E+01
3.50E+01	1.12E+01
3.60E+01	1.10E+01
3.70E+01	1.08E+01
3.80E+01	1.05E+01
3.90E+01	1.03E+01
4.00E+01	1.01E+01
4.10E+01	9.95E+00
4.20E+01	9.76E+00
4.30E+01	9.59E+00
4.40E+01	9.42E+00
4.50E+01	9.26E+00
4.60E+01	9.11E+00
4.70E+01	8.96E+00
4.80E+01	8.82E+00
4.90E+01	8.68E+00
5.00E+01	8.55E+00
5.10E+01	8.42E+00
5.20E+01	8.29E+00
5.30E+01	8.18E+00
5.40E+01	8.06E+00
5.50E+01	7.95E+00
5.60E+01	7.84E+00
5.70E+01	7.74E+00
5.80E+01	7.63E+00
5.90E+01	7.54E+00
6.00E+01	7.44E+00
6.10E+01	7.35E+00
6.20E+01	7.26E+00
6.30E+01	7.17E+00
6.40E+01	7.09E+00
6.50E+01	7.01E+00
6.60E+01	6.93E+00
6.70E+01	6.85E+00
6.80E+01	6.77E+00
6.90E+01	6.70E+00
7.00E+01	6.63E+00
7.10E+01	6.56E+00
7.20E+01	6.49E+00
7.30E+01	6.42E+00
7.40E+01	6.36E+00
7.50E+01	6.30E+00
7.60E+01	6.23E+00
7.70E+01	6.17E+00
7.80E+01	6.12E+00
7.90E+01	6.06E+00
8.00E+01	6.00E+00
8.10E+01	5.95E+00
8.20E+01	5.89E+00
8.30E+01	5.84E+00
8.40E+01	5.79E+00
8.50E+01	5.74E+00
8.60E+01	5.69E+00
8.70E+01	5.64E+00
8.80E+01	5.60E+00
8.90E+01	5.55E+00
9.00E+01	5.51E+00
9.10E+01	5.46E+00
9.20E+01	5.42E+00
9.30E+01	5.37E+00
9.40E+01	5.33E+00
9.50E+01	5.29E+00
9.60E+01	5.25E+00
9.70E+01	5.21E+00
9.80E+01	5.17E+00
9.90E+01	5.14E+00
1.00E+02	5.10E+00
1.01E+02	5.06E+00
1.02E+02	5.03E+00
1.03E+02	4.99E+00
1.04E+02	4.96E+00
1.05E+02	4.92E+00
1.06E+02	4.89E+00
1.07E+02	4.86E+00
1.08E+02	4.83E+00
1.09E+02	4.79E+00
1.10E+02	4.76E+00
1.11E+02	4.73E+00
1.12E+02	4.70E+00
1.13E+02	4.67E+00
1.14E+02	4.64E+00
1.15E+02	4.62E+00
1.16E+02	4.59E+00
1.17E+02	4.56E+00
1.18E+02	4.53E+00
1.19E+02	4.51E+00
1.20E+02	4.48E+00
1.21E+02	4.45E+00
1.22E+02	4.43E+00
1.23E+02	4.40E+00
1.24E+02	4.38E+00
1.25E+02	4.35E+00
1.26E+02	4.33E+00
1.27E+02	4.30E+00
1.28E+02	4.28E+00
1.29E+02	4.26E+00
1.30E+02	4.24E+00
1.31E+02	4.21E+00
1.32E+02	4.19E+00
1.33E+02	4.17E+00
1.34E+02	4.15E+00
1.35E+02	4.13E+00
1.36E+02	4.11E+00
1.37E+02	4.09E+00
1.38E+02	4.07E+00
1.39E+02	4.04E+00
1.40E+02	4.03E+00
1.41E+02	4.01E+00
1.42E+02	3.99E+00
1.43E+02	3.97E+00
1.44E+02	3.95E+00
1.45E+02	3.93E+00
1.46E+02	3.91E+00
1.47E+02	3.89E+00
1.48E+02	3.88E+00
1.49E+02	3.86E+00
1.50E+02	3.84E+00
1.51E+02	3.82E+00
1.52E+02	3.81E+00
1.53E+02	3.79E+00
1.54E+02	3.77E+00
1.55E+02	3.76E+00
1.56E+02	3.74E+00
1.57E+02	3.73E+00
1.58E+02	3.71E+00
1.59E+02	3.69E+00
1.60E+02	3.68E+00
1.61E+02	3.66E+00
1.62E+02	3.65E+00
1.63E+02	3.63E+00
1.64E+02	3.62E+00
1.65E+02	3.60E+00
1.66E+02	3.59E+00
1.67E+02	3.58E+00
1.68E+02	3.56E+00
1.69E+02	3.55E+00
1.70E+02	3.53E+00
1.71E+02	3.52E+00
1.72E+02	3.51E+00
1.73E+02	3.49E+00
1.74E+02	3.48E+00
1.75E+02	3.47E+00
1.76E+02	3.46E+00
1.77E+02	3.44E+00
1.78E+02	3.43E+00
1.79E+02	3.42E+00
1.80E+02	3.41E+00
1.81E+02	3.39E+00
1.82E+02	3.38E+00
1.83E+02	3.37E+00
1.84E+02	3.36E+00
1.85E+02	3.35E+00
1.86E+02	3.33E+00
1.87E+02	3.32E+00
1.88E+02	3.31E+00
1.89E+02	3.30E+00
1.90E+02	3.29E+00
1.91E+02	3.28E+00
1.92E+02	3.27E+00
1.93E+02	3.26E+00
1.94E+02	3.25E+00
1.95E+02	3.23E+00
1.96E+02	3.22E+00
1.97E+02	3.21E+00
1.98E+02	3.20E+00
1.99E+02	3.19E+00
2.00E+02	3.18E+00
2.01E+02	3.17E+00
2.02E+02	3.16E+00
2.03E+02	3.15E+00
2.04E+02	3.14E+00
2.05E+02	3.13E+00
2.06E+02	3.13E+00
2.07E+02	3.12E+00
2.08E+02	3.11E+00
2.09E+02	3.10E+00
2.10E+02	3.09E+00
2.11E+02	3.08E+00
2.12E+02	3.07E+00
2.13E+02	3.06E+00
2.14E+02	3.05E+00
2.15E+02	3.04E+00
2.16E+02	3.03E+00
2.17E+02	3.03E+00
2.18E+02	3.02E+00
2.19E+02	3.01E+00
2.20E+02	3.00E+00
2.21E+02	2.99E+00
2.22E+02	2.98E+00
2.23E+02	2.98E+00
2.24E+02	2.97E+00
2.25E+02	2.96E+00
2.26E+02	2.95E+00
2.27E+02	2.94E+00
2.28E+02	2.94E+00
2.29E+02	2.93E+00
2.30E+02	2.92E+00
2.31E+02	2.91E+00
2.32E+02	2.91E+00
2.33E+02	2.90E+00
2.34E+02	2.89E+00
2.35E+02	2.88E+00
2.36E+02	2.88E+00
2.37E+02	2.87E+00
2.38E+02	2.86E+00
2.39E+02	2.85E+00
2.40E+02	2.85E+00
2.41E+02	2.84E+00
2.42E+02	2.83E+00
2.43E+02	2.83E+00
2.44E+02	2.82E+00
2.45E+02	2.81E+00
2.46E+02	2.81E+00
2.47E+02	2.80E+00
2.48E+02	2.79E+00
2.49E+02	2.79E+00
2.50E+02	2.78E+00
END
MEDIUM=LUNG700ICRU	VER=0.0.0
 MIXT,RHO= 2.6000E-01,NE= 9, IUNRST=0, EPSTFL=1, IAPRIM=1
 ASYM=H ,Z= 1.,A=    1.008,PZ= 1.02186E-01,RHOZ= 1.03000E-01
 ASYM=C ,Z= 6.,A=   12.011,PZ= 8.74188E-03,RHOZ= 1.05000E-01
 ASYM=N ,Z= 7.,A=   14.007,PZ= 2.21323E-03,RHOZ= 3.10000E-02
 ASYM=O ,Z= 8.,A=   15.999,PZ= 4.68143E-02,RHOZ= 7.49000E-01
 ASYM=NA,Z=11.,A=   22.990,PZ= 8.69951E-05,RHOZ= 2.00000E-03
 ASYM=P ,Z=15.,A=   30.974,PZ= 6.45707E-05,RHOZ= 2.00000E-03
 ASYM=S ,Z=16.,A=   32.064,PZ= 9.35629E-05,RHOZ= 3.00000E-03
 ASYM=CL,Z=17.,A=   35.453,PZ= 8.46191E-05,RHOZ= 3.00000E-03
 ASYM=K ,Z=19.,A=   39.102,PZ= 5.11483E-05,RHOZ= 2.00000E-03
TABLE
kE	dE/dx
[MeV]	[MeV/cm^2]
1.00E+00	2.50E+02
2.00E+00	1.63E+02
3.00E+00	1.20E+02
4.00E+00	9.58E+01
5.00E+00	8.04E+01
6.00E+00	6.96E+01
7.00E+00	6.15E+01
8.00E+00	5.53E+01
9.00E+00	5.03E+01
1.00E+01	4.62E+01
1.10E+01	4.27E+01
1.20E+01	3.98E+01
1.30E+01	3.73E+01
1.40E+01	3.51E+01
1.50E+01	3.32E+01
1.60E+01	3.15E+01
1.70E+01	3.00E+01
1.80E+01	2.86E+01
1.90E+01	2.74E+01
2.00E+01	2.63E+01
2.10E+01	2.52E+01
2.20E+01	2.43E+01
2.30E+01	2.34E+01
2.40E+01	2.26E+01
2.50E+01	2.19E+01
2.60E+01	2.12E+01
2.70E+01	2.06E+01
2.80E+01	2.00E+01
2.90E+01	1.94E+01
3.00E+01	1.89E+01
3.10E+01	1.84E+01
3.20E+01	1.79E+01
3.30E+01	1.75E+01
3.40E+01	1.70E+01
3.50E+01	1.66E+01
3.60E+01	1.63E+01
3.70E+01	1.59E+01
3.80E+01	1.56E+01
3.90E+01	1.53E+01
4.00E+01	1.49E+01
4.10E+01	1.47E+01
4.20E+01	1.44E+01
4.30E+01	1.41E+01
4.40E+01	1.38E+01
4.50E+01	1.36E+01
4.60E+01	1.34E+01
4.70E+01	1.31E+01
4.80E+01	1.29E+01
4.90E+01	1.27E+01
5.00E+01	1.25E+01
5.10E+01	1.23E+01
5.20E+01	1.21E+01
5.30E+01	1.19E+01
5.40E+01	1.18E+01
5.50E+01	1.16E+01
5.60E+01	1.14E+01
5.70E+01	1.13E+01
5.80E+01	1.11E+01
5.90E+01	1.10E+01
6.00E+01	1.08E+01
6.10E+01	1.07E+01
6.20E+01	1.05E+01
6.30E+01	1.04E+01
6.40E+01	1.03E+01
6.50E+01	1.02E+01
6.60E+01	1.00E+01
6.70E+01	9.92E+00
6.80E+01	9.81E+00
6.90E+01	9.70E+00
7.00E+01	9.59E+00
7.10E+01	9.49E+00
7.20E+01	9.38E+00
7.30E+01	9.28E+00
7.40E+01	9.19E+00
7.50E+01	9.09E+00
7.60E+01	9.00E+00
7.70E+01	8.91E+00
7.80E+01	8.82E+00
7.90E+01	8.74E+00
8.00E+01	8.65E+00
8.10E+01	8.57E+00
8.20E+01	8.49E+00
8.30E+01	8.41E+00
8.40E+01	8.33E+00
8.50E+01	8.26E+00
8.60E+01	8.19E+00
8.70E+01	8.12E+00
8.80E+01	8.05E+00
8.90E+01	7.98E+00
9.00E+01	7.91E+00
9.10E+01	7.84E+00
9.20E+01	7.78E+00
9.30E+01	7.72E+00
9.40E+01	7.65E+00
9.50E+01	7.59E+00
9.60E+01	7.53E+00
9.70E+01	7.48E+00
9.80E+01	7.42E+00
9.90E+01	7.36E+00
1.00E+02	7.31E+00
1.01E+02	7.25E+00
1.02E+02	7.20E+00
1.03E+02	7.15E+00
1.04E+02	7.10E+00
1.05E+02	7.05E+00
1.06E+02	7.00E+00
1.07E+02	6.95E+00
1.08E+02	6.90E+00
1.09E+02	6.86E+00
1.10E+02	6.81E+00
1.11E+02	6.76E+00
1.12E+02	6.72E+00
1.13E+02	6.68E+00
1.14E+02	6.63E+00
1.15E+02	6.59E+00
1.16E+02	6.55E+00
1.17E+02	6.51E+00
1.18E+02	6.47E+00
1.19E+02	6.43E+00
1.20E+02	6.39E+00
1.21E+02	6.35E+00
1.22E+02	6.31E+00
1.23E+02	6.28E+00
1.24E+02	6.24E+00
1.25E+02	6.21E+00
1.26E+02	6.17E+00
1.27E+02	6.13E+00
1.28E+02	6.10E+00
1.29E+02	6.07E+00
1.30E+02	6.03E+00
1.31E+02	6.00E+00
1.32E+02	5.97E+00
1.33E+02	5.94E+00
1.34E+02	5.90E+00
1.35E+02	5.87E+00
1.36E+02	5.84E+00
1.37E+02	5.81E+00
1.38E+02	5.78E+00
1.39E+02	5.75E+00
1.40E+02	5.72E+00
1.41E+02	5.70E+00
1.42E+02	5.67E+00
1.43E+02	5.64E+00
1.44E+02	5.61E+00
1.45E+02	5.59E+00
1.46E+02	5.56E+00
1.47E+02	5.53E+00
1.48E+02	5.51E+00
1.49E+02	5.48E+00
1.50E+02	5.46E+00
1.51E+02	5.43E+00
1.52E+02	5.41E+00
1.53E+02	5.38E+00
1.54E+02	5.36E+00
1.55E+02	5.33E+00
1.56E+02	5.31E+00
1.57E+02	5.29E+00
1.58E+02	5.26E+00
1.59E+02	5.24E+00
1.60E+02	5.22E+00
1.61E+02	5.20E+00
1.62E+02	5.17E+00
1.63E+02	5.15E+00
1.64E+02	5.13E+00
1.65E+02	5.11E+00
1.66E+02	5.09E+00
1.67E+02	5.07E+00
1.68E+02	5.05E+00
1.69E+02	5.03E+00
1.70E+02	5.01E+00
1.71E+02	4.99E+00
1.72E+02	4.97E+00
1.73E+02	4.95E+00
1.74E+02	4.93E+00
1.75E+02	4.91E+00
1.76E+02	4.89E+00
1.77E+02	4.87E+00
1.78E+02	4.85E+00
1.79E+02	4.84E+00
1.80E+02	4.82E+00
1.81E+02	4.80E+00
1.82E+02	4.78E+00
1.83E+02	4.77E+00
1.84E+02	4.75E+00
1.85E+02	4.73E+00
1.86E+02	4.72E+00
1.87E+02	4.70E+00
1.88E+02	4.68E+00
1.89E+02	4.67E+00
1.90E+02	4.65E+00
1.91E+02	4.63E+00
1.92E+02	4.62E+00
1.93E+02	4.60E+00
1.94E+02	4.59E+00
1.95E+02	4.57E+00
1.96E+02	4.56E+00
1.97E+02	4.54E+00
1.98E+02	4.53E+00
1.99E+02	4.51E+00
2.00E+02	4.50E+00
2.01E+02	4.48E+00
2.02E+02	4.47E+00
2.03E+02	4.45E+00
2.04E+02	4.44E+00
2.05E+02	4.43E+00
2.06E+02	4.41E+00
2.07E+02	4.40E+00
2.08E+02	4.39E+00
2.09E+02	4.37E+00
2.10E+02	4.36E+00
2.11E+02	4.35E+00
2.12E+02	4.33E+00
2.13E+02	4.32E+00
2.14E+02	4.31E+00
2.15E+02	4.29E+00
2.16E+02	4.28E+00
2.17E+02	4.27E+00
2.18E+02	4.26E+00
2.19E+02	4.25E+00
2.20E+02	4.23E+00
2.21E+02	4.22E+00
2.22E+02	4.21E+00
2.23E+02	4.20E+00
2.24E+02	4.19E+00
2.25E+02	4.17E+00
2.26E+02	4.16E+00
2.27E+02	4.15E+00
2.28E+02	4.14E+00
2.29E+02	4.13E+00
2.30E+02	4.12E+00
2.31E+02	4.11E+00
2.32E+02	4.10E+00
2.33E+02	4.09E+00
2.34E+02	4.07E+00
2.35E+02	4.06E+00
2.36E+02	4.05E+00
2.37E+02	4.04E+00
2.38E+02	4.03E+00
2.39E+02	4.02E+00
2.40E+02	4.01E+00
2.41E+02	4.00E+00
2.42E+02	3.99E+00
2.43E+02	3.98E+00
2.44E+02	3.97E+00
2.45E+02	3.96E+00
2.46E+02	3.95E+00
2.47E+02	3.94E+00
2.48E+02	3.93E+00
2.49E+02	3.92E+00
2.50E+02	3.91E+00
END
MEDIUM=HE700ICRU	VER=0.0.0
 ELEM,RHO= 1.6632E-04,NE= 1, IUNRST=0, EPSTFL=1, IAPRIM=1
 ASYM=HE,Z= 2.,A=    4.003,PZ= 1.00000E+00,RHOZ= 4.00260E+00
TABLE
kE	dE/dx
[MeV]	[MeV/cm^2]
1.00E+00	2.83E+02
2.00E+00	1.67E+02
3.00E+00	1.21E+02
4.00E+00	9.64E+01
5.00E+00	8.05E+01
6.00E+00	6.94E+01
7.00E+00	6.12E+01
8.00E+00	5.48E+01
9.00E+00	4.98E+01
1.00E+01	4.56E+01
1.10E+01	4.22E+01
1.20E+01	3.92E+01
1.30E+01	3.67E+01
1.40E+01	3.45E+01
1.50E+01	3.26E+01
1.60E+01	3.09E+01
1.70E+01	2.94E+01
1.80E+01	2.80E+01
1.90E+01	2.68E+01
2.00E+01	2.57E+01
2.10E+01	2.47E+01
2.20E+01	2.38E+01
2.30E+01	2.29E+01
2.40E+01	2.21E+01
2.50E+01	2.14E+01
2.60E+01	2.07E+01
2.70E+01	2.01E+01
2.80E+01	1.95E+01
2.90E+01	1.89E+01
3.00E+01	1.84E+01
3.10E+01	1.79E+01
3.20E+01	1.74E+01
3.30E+01	1.70E+01
3.40E+01	1.66E+01
3.50E+01	1.62E+01
3.60E+01	1.58E+01
3.70E+01	1.55E+01
3.80E+01	1.52E+01
3.90E+01	1.48E+01
4.00E+01	1.45E+01
4.10E+01	1.42E+01
4.20E+01	1.40E+01
4.30E+01	1.37E+01
4.40E+01	1.34E+01
4.50E+01	1.32E+01
4.60E+01	1.30E+01
4.70E+01	1.27E+01
4.80E+01	1.25E+01
4.90E+01	1.23E+01
5.00E+01	1.21E+01
5.10E+01	1.19E+01
5.20E+01	1.18E+01
5.30E+01	1.16E+01
5.40E+01	1.14E+01
5.50E+01	1.12E+01
5.60E+01	1.11E+01
5.70E+01	1.09E+01
5.80E+01	1.08E+01
5.90E+01	1.06E+01
6.00E+01	1.05E+01
6.10E+01	1.03E+01
6.20E+01	1.02E+01
6.30E+01	1.01E+01
6.40E+01	9.96E+00
6.50E+01	9.84E+00
6.60E+01	9.72E+00
6.70E+01	9.60E+00
6.80E+01	9.49E+00
6.90E+01	9.38E+00
7.00E+01	9.28E+00
7.10E+01	9.18E+00
7.20E+01	9.08E+00
7.30E+01	8.98E+00
7.40E+01	8.88E+00
7.50E+01	8.79E+00
7.60E+01	8.70E+00
7.70E+01	8.61E+00
7.80E+01	8.53E+00
7.90E+01	8.44E+00
8.00E+01	8.36E+00
8.10E+01	8.28E+00
8.20E+01	8.20E+00
8.30E+01	8.13E+00
8.40E+01	8.05E+00
8.50E+01	7.98E+00
8.60E+01	7.91E+00
8.70E+01	7.84E+00
8.80E+01	7.77E+00
8.90E+01	7.71E+00
9.00E+01	7.64E+00
9.10E+01	7.58E+00
9.20E+01	7.51E+00
9.30E+01	7.45E+00
9.40E+01	7.39E+00
9.50E+01	7.33E+00
9.60E+01	7.27E+00
9.70E+01	7.22E+00
9.80E+01	7.16E+00
9.90E+01	7.11E+00
1.00E+02	7.05E+00
1.01E+02	7.00E+00
1.02E+02	6.95E+00
1.03E+02	6.90E+00
1.04E+02	6.85E+00
1.05E+02	6.80E+00
1.06E+02	6.75E+00
1.07E+02	6.71E+00
1.08E+02	6.66E+00
1.09E+02	6.61E+00
1.10E+02	6.57E+00
1.11E+02	6.53E+00
1.12E+02	6.48E+00
1.13E+02	6.44E+00
1.14E+02	6.40E+00
1.15E+02	6.36E+00
1.16E+02	6.32E+00
1.17E+02	6.28E+00
1.18E+02	6.24E+00
1.19E+02	6.20E+00
1.20E+02	6.16E+00
1.21E+02	6.12E+00
1.22E+02	6.09E+00
1.23E+02	6.05E+00
1.24E+02	6.02E+00
1.25E+02	5.98E+00
1.26E+02	5.95E+00
1.27E+02	5.91E+00
1.28E+02	5.88E+00
1.29E+02	5.85E+00
1.30E+02	5.81E+00
1.31E+02	5.78E+00
1.32E+02	5.75E+00
1.33E+02	5.72E+00
1.34E+02	5.69E+00
1.35E+02	5.66E+00
1.36E+02	5.63E+00
1.37E+02	5.60E+00
1.38E+02	5.57E+00
1.39E+02	5.54E+00
1.40E+02	5.51E+00
1.41E+02	5.49E+00
1.42E+02	5.46E+00
1.43E+02	5.43E+00
1.44E+02	5.41E+00
1.45E+02	5.38E+00
1.46E+02	5.35E+00
1.47E+02	5.33E+00
1.48E+02	5.30E+00
1.49E+02	5.28E+00
1.50E+02	5.25E+00
1.51E+02	5.23E+00
1.52E+02	5.20E+00
1.53E+02	5.18E+00
1.54E+02	5.16E+00
1.55E+02	5.13E+00
1.56E+02	5.11E+00
1.57E+02	5.09E+00
1.58E+02	5.07E+00
1.59E+02	5.04E+00
1.60E+02	5.02E+00
1.61E+02	5.00E+00
1.62E+02	4.98E+00
1.63E+02	4.96E+00
1.64E+02	4.94E+00
1.65E+02	4.92E+00
1.66E+02	4.90E+00
1.67E+02	4.88E+00
1.68E+02	4.86E+00
1.69E+02	4.84E+00
1.70E+02	4.82E+00
1.71E+02	4.80E+00
1.72E+02	4.78E+00
1.73E+02	4.76E+00
1.74E+02	4.74E+00
1.75E+02	4.72E+00
1.76E+02	4.71E+00
1.77E+02	4.69E+00
1.78E+02	4.67E+00
1.79E+02	4.65E+00
1.80E+02	4.64E+00
1.81E+02	4.62E+00
1.82E+02	4.60E+00
1.83E+02	4.59E+00
1.84E+02	4.57E+00
1.85E+02	4.55E+00
1.86E+02	4.54E+00
1.87E+02	4.52E+00
1.88E+02	4.50E+00
1.89E+02	4.49E+00
1.90E+02	4.47E+00
1.91E+02	4.46E+00
1.92E+02	4.44E+00
1.93E+02	4.43E+00
1.94E+02	4.41E+00
1.95E+02	4.40E+00
1.96E+02	4.38E+00
1.97E+02	4.37E+00
1.98E+02	4.35E+00
1.99E+02	4.34E+00
2.00E+02	4.32E+00
2.01E+02	4.31E+00
2.02E+02	4.30E+00
2.03E+02	4.28E+00
2.04E+02	4.27E+00
2.05E+02	4.26E+00
2.06E+02	4.24E+00
2.07E+02	4.23E+00
2.08E+02	4.22E+00
2.09E+02	4.20E+00
2.10E+02	4.19E+00
2.11E+02	4.18E+00
2.12E+02	4.17E+00
2.13E+02	4.15E+00
2.14E+02	4.14E+00
2.15E+02	4.13E+00
2.16E+02	4.12E+00
2.17E+02	4.10E+00
2.18E+02	4.09E+00
2.19E+02	4.08E+00
2.20E+02	4.07E+00
2.21E+02	4.06E+00
2.22E+02	4.05E+00
2.23E+02	4.03E+00
2.24E+02	4.02E+00
2.25E+02	4.01E+00
2.26E+02	4.00E+00
2.27E+02	3.99E+00
2.28E+02	3.98E+00
2.29E+02	3.97E+00
2.30E+02	3.96E+00
2.31E+02	3.95E+00
2.32E+02	3.94E+00
2.33E+02	3.93E+00
2.34E+02	3.91E+00
2.35E+02	3.90E+00
2.36E+02	3.89E+00
2.37E+02	3.88E+00
2.38E+02	3.87E+00
2.39E+02	3.86E+00
2.40E+02	3.85E+00
2.41E+02	3.84E+00
2.42E+02	3.83E+00
2.43E+02	3.83E+00
2.44E+02	3.82E+00
2.45E+02	3.81E+00
2.46E+02	3.80E+00
2.47E+02	3.79E+00
2.48E+02	3.78E+00
2.49E+02	3.77E+00
2.50E+02	3.76E+00
END
MEDIUM=MYLAR700ICRU	VER=0.0.0
 COMP,RHO= 1.3800E+00,NE= 3, IUNRST=0, EPSTFL=0, IAPRIM=1
 ASYM=C ,Z= 6.,A=   12.011,PZ= 1.00000E+01,RHOZ= 1.20112E+02
 ASYM=H ,Z= 1.,A=    1.008,PZ= 8.00000E+00,RHOZ= 8.06376E+00
 ASYM=O ,Z= 8.,A=   15.999,PZ= 4.00000E+00,RHOZ= 6.39976E+01
TABLE
kE	dE/dx
[MeV]	[MeV/cm^2]
1.00E+00	2.34E+02
2.00E+00	1.44E+02
3.00E+00	1.07E+02
4.00E+00	8.58E+01
5.00E+00	7.22E+01
6.00E+00	6.26E+01
7.00E+00	5.55E+01
8.00E+00	4.99E+01
9.00E+00	4.54E+01
1.00E+01	4.18E+01
1.10E+01	3.87E+01
1.20E+01	3.61E+01
1.30E+01	3.38E+01
1.40E+01	3.18E+01
1.50E+01	3.01E+01
1.60E+01	2.86E+01
1.70E+01	2.72E+01
1.80E+01	2.60E+01
1.90E+01	2.49E+01
2.00E+01	2.39E+01
2.10E+01	2.29E+01
2.20E+01	2.21E+01
2.30E+01	2.13E+01
2.40E+01	2.06E+01
2.50E+01	1.99E+01
2.60E+01	1.93E+01
2.70E+01	1.87E+01
2.80E+01	1.82E+01
2.90E+01	1.77E+01
3.00E+01	1.72E+01
3.10E+01	1.67E+01
3.20E+01	1.63E+01
3.30E+01	1.59E+01
3.40E+01	1.55E+01
3.50E+01	1.52E+01
3.60E+01	1.48E+01
3.70E+01	1.45E+01
3.80E+01	1.42E+01
3.90E+01	1.39E+01
4.00E+01	1.36E+01
4.10E+01	1.34E+01
4.20E+01	1.31E+01
4.30E+01	1.29E+01
4.40E+01	1.26E+01
4.50E+01	1.24E+01
4.60E+01	1.22E+01
4.70E+01	1.20E+01
4.80E+01	1.18E+01
4.90E+01	1.16E+01
5.00E+01	1.14E+01
5.10E+01	1.12E+01
5.20E+01	1.11E+01
5.30E+01	1.09E+01
5.40E+01	1.07E+01
5.50E+01	1.06E+01
5.60E+01	1.04E+01
5.70E+01	1.03E+01
5.80E+01	1.01E+01
5.90E+01	1.00E+01
6.00E+01	9.88E+00
6.10E+01	9.75E+00
6.20E+01	9.63E+00
6.30E+01	9.51E+00
6.40E+01	9.39E+00
6.50E+01	9.28E+00
6.60E+01	9.17E+00
6.70E+01	9.06E+00
6.80E+01	8.96E+00
6.90E+01	8.86E+00
7.00E+01	8.76E+00
7.10E+01	8.66E+00
7.20E+01	8.57E+00
7.30E+01	8.48E+00
7.40E+01	8.39E+00
7.50E+01	8.31E+00
7.60E+01	8.22E+00
7.70E+01	8.14E+00
7.80E+01	8.06E+00
7.90E+01	7.98E+00
8.00E+01	7.90E+00
8.10E+01	7.83E+00
8.20E+01	7.76E+00
8.30E+01	7.69E+00
8.40E+01	7.62E+00
8.50E+01	7.55E+00
8.60E+01	7.48E+00
8.70E+01	7.42E+00
8.80E+01	7.35E+00
8.90E+01	7.29E+00
9.00E+01	7.23E+00
9.10E+01	7.17E+00
9.20E+01	7.11E+00
9.30E+01	7.05E+00
9.40E+01	7.00E+00
9.50E+01	6.94E+00
9.60E+01	6.89E+00
9.70E+01	6.83E+00
9.80E+01	6.78E+00
9.90E+01	6.73E+00
1.00E+02	6.68E+00
1.01E+02	6.63E+00
1.02E+02	6.58E+00
1.03E+02	6.54E+00
1.04E+02	6.49E+00
1.05E+02	6.44E+00
1.06E+02	6.40E+00
1.07E+02	6.36E+00
1.08E+02	6.31E+00
1.09E+02	6.27E+00
1.10E+02	6.23E+00
1.11E+02	6.19E+00
1.12E+02	6.15E+00
1.13E+02	6.11E+00
1.14E+02	6.07E+00
1.15E+02	6.03E+00
1.16E+02	5.99E+00
1.17E+02	5.95E+00
1.18E+02	5.92E+00
1.19E+02	5.88E+00
1.20E+02	5.85E+00
1.21E+02	5.81E+00
1.22E+02	5.78E+00
1.23E+02	5.74E+00
1.24E+02	5.71E+00
1.25E+02	5.68E+00
1.26E+02	5.64E+00
1.27E+02	5.61E+00
1.28E+02	5.58E+00
1.29E+02	5.55E+00
1.30E+02	5.52E+00
1.31E+02	5.49E+00
1.32E+02	5.46E+00
1.33E+02	5.43E+00
1.34E+02	5.40E+00
1.35E+02	5.37E+00
1.36E+02	5.35E+00
1.37E+02	5.32E+00
1.38E+02	5.29E+00
1.39E+02	5.26E+00
1.40E+02	5.24E+00
1.41E+02	5.21E+00
1.42E+02	5.19E+00
1.43E+02	5.16E+00
1.44E+02	5.14E+00
1.45E+02	5.11E+00
1.46E+02	5.09E+00
1.47E+02	5.06E+00
1.48E+02	5.04E+00
1.49E+02	5.02E+00
1.50E+02	4.99E+00
1.51E+02	4.97E+00
1.52E+02	4.95E+00
1.53E+02	4.92E+00
1.54E+02	4.90E+00
1.55E+02	4.88E+00
1.56E+02	4.86E+00
1.57E+02	4.84E+00
1.58E+02	4.82E+00
1.59E+02	4.80E+00
1.60E+02	4.78E+00
1.61E+02	4.76E+00
1.62E+02	4.74E+00
1.63E+02	4.72E+00
1.64E+02	4.70E+00
1.65E+02	4.68E+00
1.66E+02	4.66E+00
1.67E+02	4.64E+00
1.68E+02	4.62E+00
1.69E+02	4.60E+00
1.70E+02	4.58E+00
1.71E+02	4.57E+00
1.72E+02	4.55E+00
1.73E+02	4.53E+00
1.74E+02	4.51E+00
1.75E+02	4.50E+00
1.76E+02	4.48E+00
1.77E+02	4.46E+00
1.78E+02	4.45E+00
1.79E+02	4.43E+00
1.80E+02	4.41E+00
1.81E+02	4.40E+00
1.82E+02	4.38E+00
1.83E+02	4.37E+00
1.84E+02	4.35E+00
1.85E+02	4.33E+00
1.86E+02	4.32E+00
1.87E+02	4.30E+00
1.88E+02	4.29E+00
1.89E+02	4.27E+00
1.90E+02	4.26E+00
1.91E+02	4.24E+00
1.92E+02	4.23E+00
1.93E+02	4.22E+00
1.94E+02	4.20E+00
1.95E+02	4.19E+00
1.96E+02	4.17E+00
1.97E+02	4.16E+00
1.98E+02	4.15E+00
1.99E+02	4.13E+00
2.00E+02	4.12E+00
2.01E+02	4.11E+00
2.02E+02	4.09E+00
2.03E+02	4.08E+00
2.04E+02	4.07E+00
2.05E+02	4.06E+00
2.06E+02	4.04E+00
2.07E+02	4.03E+00
2.08E+02	4.02E+00
2.09E+02	4.01E+00
2.10E+02	3.99E+00
2.11E+02	3.98E+00
2.12E+02	3.97E+00
2.13E+02	3.96E+00
2.14E+02	3.95E+00
2.15E+02	3.93E+00
2.16E+02	3.92E+00
2.17E+02	3.91E+00
2.18E+02	3.90E+00
2.19E+02	3.89E+00
2.20E+02	3.88E+00
2.21E+02	3.87E+00
2.22E+02	3.86E+00
2.23E+02	3.85E+00
2.24E+02	3.84E+00
2.25E+02	3.82E+00
2.26E+02	3.81E+00
2.27E+02	3.80E+00
2.28E+02	3.79E+00
2.29E+02	3.78E+00
2.30E+02	3.77E+00
2.31E+02	3.76E+00
2.32E+02	3.75E+00
2.33E+02	3.74E+00
2.34E+02	3.73E+00
2.35E+02	3.72E+00
2.36E+02	3.71E+00
2.37E+02	3.70E+00
2.38E+02	3.70E+00
2.39E+02	3.69E+00
2.40E+02	3.68E+00
2.41E+02	3.67E+00
2.42E+02	3.66E+00
2.43E+02	3.65E+00
2.44E+02	3.64E+00
2.45E+02	3.63E+00
2.46E+02	3.62E+00
2.47E+02	3.61E+00
2.48E+02	3.60E+00
2.49E+02	3.60E+00
2.50E+02	3.59E+00
END
